$ANSIBLE_VAULT;1.1;AES256
38633836653634303232306436663461653364643337323063333835393062393964636536643361
6162323738303861316534373033316438373937373638650a336133386332626463396265363931
61376161353930383930626631613839313866616233363066313131376537363165376630366538
6234306536326538640a623464323733363733303232663563336530336663613366633634373631
63353637666162393331653032376661633032353438376563303933663365316139323564373366
32303439613534383964633464303061386565323937333530656362383631366563613461376465
63356166613836663835346439393633333534663862343630326530376564646162636634363934
38663765663464326433663464336430363934616661326439333535666333383761636430316132
61663534633836663137343334366664613763663561383037383430353836643064613538653566
39656265363065393864313636633236373264633431346131626432366635616464376363656466
62646431363030623332373161376166633464386331343235393938383166346430643763336466
30323537373137616636316137656262663430373664666166346437663238343065366232373965
36343133316239653539333633366237613565363731643732313862373166303337623539636166
65353532333235366635373338643633363965646633333131376531333537633638623437646431
64376230333866363930663962333837326437323536636562663063616533643062303331313131
34353365396338653865663638383030323465333266656561663731386634643636326235373935
37383435333461356462383466396561306130663234613138383765646466656130316238323764
66613862323030373234386261366335336134666339663666353837353038396539616434646536
64373164316330316361383265343862386334346531633662363631626461316335366131346432
32663432626336666163363561343866343532386131363164663736363466326261326464653962
36323737353034646339343361353639316364373065396166323033623238393966393433656339
32356463363433613166336439373234343762623030393766636131383035316166643230633338
63653833623436626337343639326166343036306632353064396265626365306438643935643262
39306131303964613838613866663231646462646532313031623361386264353737363034633666
36663139336264636566373065383461373235616239323838343764356465653337303533306163
32653563636565643465336563383438333433316536323530333930653662663061393730643839
33323335353062333564663034366436623934393463323738323233653235346165393463333964
33656638323962663435373861643438653066646330663935386261336339346431633133396237
35333232633635356636643436313139343166363537333164313665353839346132636464613036
65646662326439666363363138363134646430313333313161363537666339326662613338616539
65336461363836336666333161333266636633653164336563376266323065333436376262353632
65633865613762616433646434363665313234656463633038373062363837633761346335363337
35383534376164376330663436353937616235386362663561323238616636633637336366646532
64353834313364306233343736646163323033646337356666636662323132663831363738316462
33613032306334643330303338633461613931623639623737393838363864633162643764646566
39313961663662393361633165333732616635653331346530326433663765623631373230653634
61313634366665393161333063646362323164336663323431316164326365636233346337616163
35636261373439386663386533636435303565333864643339656134356631323361373537376166
38336339393334646262373666343236623465336262323635316462346362363734393838306136
32363166663130633032326335306432616637663638656534383230393635383039616333383762
62396237623137343465383839306634373461633339383138623432623031336565363738346164
38373234376335663838613233323563366465336233333538316634333036353735613536306130
34353862616437656331333463383734356163313031376534386434383837666337393066303965
66383939336662666133646638343763393130393461366532393266313832363961373761386565
30396433333735333333663137393733346332363639623666323736353831616366323735383533
34663639333637613763373934363464653762313732663233366232643230303732346638643639
64613761643133343135313337633261616132393731363537336236636462393166663238666661
64343363383533366537313063373537366435313565393334613238653838623137363063343961
64376635643036353062363636663939323133623061313636653261353865653366323265393263
63653137363531303832383937366636616331353666386236346665633336626337353763613333
31346138636461316430626235616464383933666231623839646333613337346231656136626662
32643065623161323865363061336265316162346136643732653335303030376562393137383432
34383263306132333339663261663739633366316463316137633732306163393433626439373966
61356137356135363062363132623136303836663139653139336636313133323736336336646431
64623437626331333766376364333162663837353338343430656138613663333437613539393362
66663336613366306630313934316637376265626439393136343939333766396537626464303034
64343962383933306334643062643966376634333564316564663063313761303766356365316263
33373265663136643631633162343132613930663435336662663839333039373632383631303430
30333063393231623934666231376339623630326335323235613863613430323032326664353961
30326639366633646239646261653939356563346234336461353431613065623131653733393162
66363636653735316464313530663331623734323833626462373863666533346639373762346365
35356436353435343938303539643761653235366431666166353237333633323662346638663261
64646331666134613333356161313433306435393462643263393765393838623834653439346332
64323864616439616138626665386330353939623135343032366638653832393561643064623161
61383937613662326566643737393034346165303565343333616639393533623963666566313634
38353262366262656564333962353734306161353463623039653636663336326538363932376239
30366162333962633931633935373933363864346431356138646434366566306661353532646231
37336264303965326465633166333930333735643432363332666634656237666537373163303566
36356232336263323763663461316436663862653264643363353639333334396662343862653331
61353039626561376235396437383632663961396632353861303036383730306266313537346537
33663236663232633937313835313133616231613166636163333931306537623937666561636531
39303563343638363538663530623533626463323161313966613263363162343532633963376361
65373334366637303034623966383337643737626665303265643633383566653962343264656535
62613337323633333739326336626538383337333565346162323435653538393438623764343236
38383735326165636339636238316131653738303135613666666538613636313330663431633366
35636537626565356138613961383663623532343438383063643363366232646561383737656430
36376435623363613537623664346666363439623233306162636639353439356235306533363032
36643837623966326536656461376230666638323033636463623563643036316266336363343939
65373433306166613931383866323839663436303563643336373831336230363862356466626132
32383061316634343861333938646535346362663232383439613135353165316237613338643634
35313639663134666165313661616635623939393333633731373961656661653262313264373564
39616565373438633365636666376432323536653035636565313632323764633661353637653431
66303434323433343564383165616661333562363562633930336163396636386562636132383361
64363930633237356539396137303031393638653530303630653039386463336430396334383430
66356363306437313634396434306366336261333137366139363062333963323333616336643964
33373966343035363164383539643534346338353439663036646637313134363035343563643635
65376564616131326633646366653632353965613363373765646265306534333261643333633533
36326666336433666362326138363939323039346265623339373739656630613935386361306332
31333532393766343533363862623638383365303032653730383439366636376631376362336232
36383431383332393561323735356435323834323232613536373761643138316537346538653662
35366661633765626433396166613335663566306261373535396565646536353863386336356665
65383832666131366564633931343730313166386235303830363730623638656639616334386364
64386465306666326437626437313861313930636136623136303762366535643466376639366131
30376638396332396135303461343434623938373266323730306364373330336464663537623064
30366666363931313538356338616363303036343533336432623561306365393162336233633066
37333861613636386461303532666365643636613236613132346637393861316463316237333966
30336131366266623035366165323336623631326164383266663830333037326436393438323632
30373434326465663838663464323039386334366138653462393536626566643762653538386366
32303238306536663435386434623864316534313138666538643237333432383038383738636434
32316361666133363537353933393661333330653331653435303833396632616232346330353031
62623235386136666266343136373230336432396637616130623835643363303962343836663964
61653237326462626439623765666436626539356664636336336565626634663735363430363464
64626563643432646665346234633064303033616164303966306532343966303133653361303461
61383632336136313363
