$ANSIBLE_VAULT;1.1;AES256
63313638363830336635373561633461333131646436333632326435396238383565376263316432
6639363533666666306431663437303937643963366638660a343536323531633839636135316435
33313130346636613030316433323631363964336534343132323163383563633030353636383262
6532333966353630620a343766636138333535626630633531353731613062356465386139323461
36653630366634323737653063623963653334323232613832626438373635363737633833373437
63323866313737326331623137363839303861376336616531323034316164363434303163323335
34643232353732613064376635303339303131393237383739306339323832326136666231323630
63363930613561613861613035353031343837616631393563383233376466313366626132333734
65383734663338653131353035653638613432333530393436373362363161346662343166326466
34336639613461346235346365353835353363663330326536336230633930326666336338666339
33666161343862393733326130366163363938653331373033373038393834383364376665623564
61666634363333653438373861646462666334356634366639623731303765313233646137613633
61326237303535663565623564646465656134313237666635346264323931333934616234623864
38303234656338303231353332616565643430666333323933386231333430623631336664643532
38616637363334333863656262666530363935653634633336303061633561336366336336326234
65356539663366383435613234353962393033323232623836326165613261636536396365653961
64616433343936623930393333306364306530313565393234653931363537376265666562343965
62366131643666636537306435393430623533613238386538656538303034386338323365663539
65306138326531636335666533373130333533636639336231333436626432376663626364356363
34356361303135656263303336633936363366613033646635336664653732316134623263303639
39376337663762303062306337316133333361623936386637396165313763306438643733333633
31303866633162653334633633366265393838333331356333353735363333363131663938653935
36643937386135373632356330636162313265643036343562373532663864366564316232363564
36306463366164663064626265313361353563653837353264316262343963363535363366383865
36353739643930643837616231356364346363303865363339626231373831326333376233653033
66373739643736646465353032346538373936626238666161396435633233316638386465383939
34336130326337366638376662346463616361613630363434373733373063353535303436396234
39623436623530623466396230333764333364633938336261383662646436366262326565326465
66646465636234306236383863306363306338623230343839366561386164636664653536636631
36666331313765336561396262636135303764383935303161663237353838633138313034363530
35306438636237383630626663663262623635323338303230373166363564333531313531353634
36316234346439306235326537643663306236353565313337376138326566323537663237646538
36376266656163373935323862653361323664323935623434623961326665383738393535643130
31386664623439656333316334653035383361613332663562363662653532326238376239646563
39623934643138313465333939356663323233613838323961336266356433383936303234656139
34393339313962393663343233636330373132616437363631643964333961626438343136303961
32643563626165356664373835636332613536323031363735323930393762643937306231313933
34323861393636383738393738386538656134313430613633333032396634666664303933613938
31633633633865363235393864613361313761313363396162346136373163643462623438323661
65326166373432663166356639353361346261643732346232653436363633316232366634326534
35656432646465323534323930313430336438626239366363363531633533383031663539336161
31386464646533656138306363363830346338326231313465363065363838656339386431333763
62666665656236373362376534356161376232346334653236393338656330383336623732373735
34343838623563373133303065396561333338316539346133373730623561373930643839616531
61323032623034373037303164343334633532383066303265633539656632613630323234373463
34326265373135353834313632326231663834616139303433666338343063646162393362313234
38346137313038656236633364646234323936303038653361343731383637356463666462363462
64636634633632656363663237323733373533626463633265663766666462336432613866616332
39336634616238356166306665333530363666326565633361616133366162393637376437313366
33363835633762623964346434333637376634316636623365393461356130393031646265346336
65343662313231613633626461623637363630613265616663633563633639333363393066373263
36333864333163653531323665396631343031356461663063333038366233656361353766303232
66366139356636636434373732636533636436663065653230343665666562613264633431613164
64626437376631636135376235383633323464353663323635303666366465363739646236623939
66383639366331666235623735643665643636666465366434383330616134613661353139336466
34656665613362393934383263626631373931643132346161646535616538663762623864316164
62326432373136383639633964616436343366623863636335336564376431343764343235623232
31383763316561376162633338333232313566346434663965393261663234386464636637336130
62356365333231643532303131636437613836383037306432356264626665623730633433623365
39306235616663396239636266616536323463663838376563616566633861666538306537626138
64386463616564666132636361316332326266633639653134636263626234646439323664663866
30316536353663346362626136313638306564633161346437303038396531363563616337373039
66633434613366313838663437396166623039623835356263366364613934303436313166346263
30326537643434353534323438333362333464383466316330626362333061333239653363323061
65636637343339383662633561633730343362306363343030613538663337386636363131653234
38393731363039666131663830333937663962656430363964326139396536343931653436386361
37336661393564623639343832616562396635383039373331343136623832353563366631306435
31653433353664343866623462333639383438386230316538336663373937643635313564643065
62316564333064336563363563653439363336313139383833636337643431356232643035336438
63353862366639623061323835386663313334643439303931396131383264303666333461343932
64396631643932643830643335396635343165363362336264643164393164323534306134396136
36643763353634316464633364613262363531643431663739643836323337656464396361623865
66393762353365306535666335363761336431616330333961316630633164666134393530646235
64333730623166383236323566303436393833326133363365646265363263643533333531353064
61383537336334306161653135396366613664373232366566353361333133396333623939373730
34346638623639626639646337636138646163393663663630623236346431353761646334626364
3761
